<?xml version="1.0" encoding="UTF-8" standalone="no"?>
<!DOCTYPE svg PUBLIC "-//W3C//DTD SVG 20010904//EN"
              "http://www.w3.org/TR/2001/REC-SVG-20010904/DTD/svg10.dtd">

<svg xmlns="http://www.w3.org/2000/svg"
     width="2.77778in" height="2.77778in"
     viewBox="0 0 250 250">
  <path id="Imported Path"
        fill="none" stroke="black" stroke-width="1"
        d="M 206.25,104.00
           C 206.25,104.00 206.25,171.88 206.25,171.88
             206.25,171.88 175.62,189.38 175.62,189.38
             175.62,189.38 145.12,206.88 145.12,206.88
             145.12,206.88 145.00,228.38 145.00,228.38
             145.00,228.38 145.00,249.88 145.00,249.88
             145.00,249.88 172.88,233.88 172.88,233.88
             188.12,225.00 209.88,212.38 221.25,205.88
             221.25,205.88 241.88,194.00 241.88,194.00
             241.88,194.00 242.25,125.25 242.25,125.25
             242.25,125.25 242.50,56.50 242.50,56.50
             242.50,56.50 225.00,46.37 225.00,46.37
             215.38,40.75 207.25,36.25 206.88,36.25
             206.50,36.25 206.25,66.75 206.25,104.00 Z
           M 145.00,54.38
           C 145.00,54.38 145.00,108.75 145.00,108.75
             145.00,108.75 125.00,108.75 125.00,108.75
             125.00,108.75 105.00,108.75 105.00,108.75
             105.00,108.75 105.00,88.62 105.00,88.62
             105.00,77.62 104.50,68.75 104.00,69.00
             103.50,69.12 95.25,73.88 85.88,79.25
             85.88,79.25 68.75,89.25 68.75,89.25
             68.75,89.25 69.00,159.12 69.00,159.12
             69.00,159.12 69.38,229.00 69.38,229.00
             69.38,229.00 87.12,239.38 87.12,239.38
             87.12,239.38 105.00,249.88 105.00,249.88
             105.00,249.88 105.25,195.88 105.25,195.88
             105.25,195.88 105.62,141.88 105.62,141.88
             105.62,141.88 125.00,141.88 125.00,141.88
             125.00,141.88 144.38,141.88 144.38,141.88
             144.38,141.88 144.75,161.62 144.75,161.62
             144.88,172.50 145.50,181.25 146.00,181.00
             146.62,180.75 154.75,176.25 164.12,170.75
             164.12,170.75 181.25,160.88 181.25,160.88
             181.25,160.88 181.00,90.87 181.00,90.87
             181.00,90.87 180.62,20.75 180.62,20.75
             180.62,20.75 162.88,10.37 162.88,10.37
             162.88,10.37 145.00,0.12 145.00,0.12
             145.00,0.12 145.00,54.38 145.00,54.38 Z
           M 56.25,28.12
           C 56.25,28.12 8.12,56.12 8.12,56.12
             8.12,56.12 7.75,124.87 7.75,124.87
             7.75,124.87 7.50,193.50 7.50,193.50
             7.50,193.50 25.12,203.62 25.12,203.62
             34.88,209.25 43.00,213.75 43.25,213.75
             43.50,213.75 43.75,183.25 43.75,145.88
             43.75,145.88 43.75,78.12 43.75,78.12
             43.75,78.12 74.38,60.62 74.38,60.62
             74.38,60.62 105.00,43.12 105.00,43.12
             105.00,43.12 105.00,21.50 105.00,21.50
             105.00,9.75 104.88,0.00 104.75,0.12
             104.50,0.25 82.75,12.87 56.25,28.12 Z" />
</svg>
